1:8,5,3,8,3,9,4,6,1,2,5,6,3,2,8,5,2,8,9,6,2,3,5,6,2,7,3,4,8,4
2:1,5,1,6,7,8,9,3,1,5,2,1,5,1,1,5,8,5,6,7,5,7,2,6,2,7,9,7,2,4
3:6,3,4,1,4,5,9,4,7,5,6,3,8,7,9,9,2,4,5,4,2,6,3,8,4,3,6,5,9,2
4:9,4,4,5,7,8,7,1,8,9,1,2,1,3,3,4,1,9,9,3,9,2,2,7,2,5,2,4,8,6
5:6,8,9,2,7,8,1,3,1,5,2,3,3,8,9,2,3,4,8,5,4,1,2,4,8,3,8,1,2,4
6:1,6,2,6,7,2,5,5,8,2,5,7,7,9,6,2,5,4,6,1,6,2,7,2,2,9,9,2,8,6
7:4,9,2,6,5,6,4,1,7,2,7,1,7,7,3,8,4,2,9,5,3,6,2,1,1,8,8,7,4,2
8:2,6,5,8,5,1,9,4,2,6,6,8,1,3,6,6,7,6,8,5,9,6,4,8,8,7,9,7,3,7
9:3,8,7,6,1,7,8,9,3,4,1,2,2,8,4,4,7,8,2,6,5,2,8,9,6,8,5,5,6,3
10:4,5,9,6,4,7,4,4,6,9,2,5,5,8,5,1,7,3,3,5,5,8,3,2,4,3,2,5,7,9
11:8,9,4,9,1,4,6,9,3,7,5,3,5,3,7,1,5,2,5,1,2,8,4,2,4,4,5,8,7,2
12:4,7,1,1,4,8,1,6,7,6,3,9,5,2,2,6,9,5,1,3,6,5,8,1,7,6,3,6,2,8
13:4,8,7,3,1,4,7,2,1,6,2,8,7,5,4,5,3,5,2,2,9,9,4,4,7,2,7,7,4,8
14:3,9,9,7,4,5,6,5,3,7,9,7,4,2,2,8,1,9,6,1,4,1,2,3,2,1,3,2,7,7
15:9,9,2,2,3,4,8,7,7,3,7,6,1,4,7,5,6,7,1,3,8,2,3,6,5,5,8,9,7,3
16:1,5,1,6,7,8,9,3,1,5,2,1,5,1,1,5,8,5,6,7,5,7,2,6,2,7,9,7,2,4
17:4,6,9,6,2,8,7,6,8,5,8,4,6,1,5,6,4,1,3,9,2,2,6,5,4,6,3,9,1,9
18:4,8,7,3,1,4,1,2,1,6,2,8,7,5,4,5,3,5,2,2,9,9,4,4,7,2,7,7,4,9
19:6,1,2,9,9,4,7,5,2,6,9,2,8,1,5,5,4,4,4,1,7,9,8,1,8,9,9,7,3,9
20:3,1,4,2,7,3,7,8,6,4,2,8,6,2,2,9,5,5,7,1,8,4,8,4,9,8,1,7,5,7
21:5,9,5,2,9,7,2,5,1,1,8,4,4,6,2,2,4,3,1,9,7,3,6,6,2,2,4,2,2,6
22:3,7,3,9,1,1,5,1,5,6,6,9,9,4,5,2,5,2,9,1,5,7,5,2,5,8,4,7,8,6
23:8,1,8,7,7,5,4,8,4,7,3,7,8,9,1,7,1,8,3,5,4,5,6,1,7,4,5,5,8,3
24:5,8,2,7,2,4,7,9,2,5,8,5,4,2,2,7,5,7,5,9,4,9,2,7,3,7,9,5,7,9
25:8,2,7,3,8,3,1,1,1,6,2,5,6,8,7,2,8,3,8,5,4,1,1,5,3,1,4,5,3,1
26:5,3,1,2,8,5,5,4,7,1,1,4,9,7,2,1,1,2,3,7,2,5,3,8,4,5,1,5,2,9
27:9,1,9,4,8,8,4,3,3,6,7,6,6,3,2,1,2,4,6,5,1,7,2,4,9,4,7,7,6,9
28:3,1,2,2,4,6,6,6,8,5,3,1,2,1,7,8,9,9,4,9,7,2,8,8,3,1,2,4,3,2
29:4,4,1,7,1,2,8,7,7,5,7,3,9,5,1,2,2,1,5,1,6,8,3,2,2,2,8,7,6,5
30:5,8,2,7,2,4,7,9,2,5,8,2,4,2,2,7,5,7,5,9,4,9,2,7,3,7,9,5,7,9
31:4,5,5,8,6,9,5,6,1,6,5,3,1,1,1,8,5,2,6,8,9,4,3,5,4,3,5,7,1,3
32:5,9,4,8,3,1,4,5,3,5,3,6,4,6,1,2,5,2,5,9,3,1,8,1,4,3,9,1,6,8
33:3,2,3,8,2,7,6,1,8,9,9,7,2,1,9,9,2,3,3,5,8,8,1,1,7,1,6,1,3,4
34:3,8,6,1,5,2,4,8,7,1,9,1,3,2,5,1,3,9,6,4,7,1,5,8,6,1,6,2,4,2
35:5,5,2,8,9,2,5,2,2,4,4,4,2,1,5,7,4,8,9,5,1,4,4,6,3,3,1,3,4,6
36:3,2,3,8,8,5,6,6,7,4,6,5,7,8,2,5,3,8,6,7,2,8,4,1,3,7,9,7,6,6
37:4,9,2,7,5,4,7,3,7,6,3,6,7,9,7,7,8,2,1,8,3,2,1,5,4,5,3,2,5,6
38:9,6,1,2,9,2,5,9,2,3,5,2,7,9,4,9,2,5,3,7,6,1,6,3,8,9,5,5,7,2
39:7,1,1,6,3,3,3,8,8,5,5,7,4,2,1,4,5,5,4,3,8,9,7,7,3,8,8,7,6,5
40:8,2,4,3,2,6,5,4,3,9,9,1,8,4,4,9,7,2,2,7,2,2,3,1,3,2,5,1,5,3
41:7,2,6,3,9,7,8,4,8,9,7,9,2,8,5,3,3,3,6,3,3,3,2,9,6,6,7,4,1,1
42:7,6,9,6,7,1,4,4,7,6,8,4,8,4,1,4,5,1,5,8,9,5,9,3,9,3,1,3,2,1
43:8,5,3,8,3,9,4,6,1,2,5,6,3,2,8,5,2,8,9,6,2,7,5,6,2,7,3,4,8,4
44:8,9,2,3,5,4,4,1,9,9,5,4,1,4,7,3,4,1,5,4,3,4,1,1,6,5,1,7,2,8
45:1,3,2,7,1,9,6,1,8,7,3,4,5,8,1,6,2,3,7,5,1,4,5,8,3,9,5,1,2,6
46:7,5,6,2,7,3,3,9,2,3,2,5,7,2,5,3,9,9,5,2,6,7,9,3,1,3,9,1,8,8
47:3,4,6,8,4,3,5,5,5,2,2,4,4,6,7,8,1,5,4,1,2,5,9,1,9,6,6,5,8,8
48:2,7,5,5,4,5,2,8,7,6,2,4,8,5,7,3,5,3,4,1,1,2,1,3,2,7,4,6,2,7
49:5,7,7,4,2,1,4,5,1,2,6,9,7,2,4,1,6,3,6,9,7,7,8,6,9,5,4,2,6,4
50:1,3,2,7,1,9,6,1,8,7,3,4,5,8,1,6,2,3,7,5,1,4,5,8,3,9,5,1,5,6
51:9,4,8,1,7,7,5,9,2,7,3,9,1,4,8,1,9,8,2,6,1,4,6,1,2,3,6,1,9,9
52:8,5,7,9,5,9,5,9,2,7,3,5,6,5,4,5,6,7,3,6,1,9,3,7,4,6,8,1,9,1
53:7,5,2,9,7,8,1,7,4,7,7,5,6,3,6,9,2,9,8,8,7,7,8,6,2,7,7,3,1,7
54:4,6,2,7,3,4,9,8,7,1,8,9,6,7,6,6,5,5,5,1,6,5,3,1,8,9,1,9,9,5
55:9,8,9,2,2,5,5,3,7,7,6,8,3,3,8,8,3,5,6,1,8,7,4,1,6,5,3,9,7,7
56:1,7,1,1,4,6,8,9,7,1,5,2,4,3,5,5,2,5,1,5,4,7,4,5,6,2,7,4,4,1
57:3,2,8,8,2,7,6,1,8,9,9,7,2,1,9,9,2,3,3,5,8,8,1,1,7,1,6,1,3,3
58:2,6,3,6,7,6,2,6,5,3,4,9,8,2,1,5,9,4,7,5,8,4,4,5,5,2,8,6,6,5
59:9,4,9,1,5,3,5,8,9,5,5,4,4,7,6,9,6,5,1,3,6,6,4,7,2,3,9,3,2,4
60:2,7,8,3,4,4,2,4,6,2,9,8,6,7,8,1,7,1,3,8,3,5,5,5,5,8,3,2,6,7
61:7,4,5,6,8,4,7,6,8,6,5,5,3,1,6,5,9,6,5,9,7,2,4,1,5,3,2,7,6,8
62:5,7,9,7,5,8,2,8,3,6,1,8,3,9,9,8,8,6,1,2,8,9,5,7,4,6,6,7,6,1
63:8,5,3,8,3,9,4,6,1,2,5,6,3,2,8,5,2,8,9,6,2,3,5,6,2,7,3,4,8,4
64:1,2,3,8,6,3,3,9,8,8,2,4,7,9,7,7,4,2,5,1,9,5,2,5,6,2,5,7,4,9
65:7,8,6,4,2,4,3,9,8,6,6,6,9,2,2,6,2,6,6,7,8,7,7,1,2,4,8,2,6,3
66:7,1,2,6,5,7,9,5,5,5,8,4,4,7,2,1,9,7,6,5,2,1,9,5,9,9,7,7,9,6
67:9,6,7,1,9,9,7,8,7,5,7,7,2,1,8,9,4,8,2,3,4,7,8,6,9,7,6,4,7,9
68:1,2,3,8,6,3,3,9,8,8,2,4,7,9,7,7,4,2,5,1,9,5,2,5,6,2,5,7,4,8
69:9,4,9,1,5,3,5,8,9,5,5,4,4,7,6,9,6,5,1,3,6,6,4,7,2,3,9,3,2,2
70:8,8,3,1,6,1,5,9,8,5,7,6,9,6,5,9,2,3,9,8,5,3,4,4,7,6,4,1,5,3
71:1,7,1,1,4,6,8,9,7,1,5,2,4,3,5,5,2,5,1,5,4,7,4,5,6,2,7,4,4,2
72:3,5,6,6,6,6,8,2,3,3,1,3,8,9,5,9,2,9,5,7,2,9,3,9,1,5,6,6,5,3
73:3,5,3,3,1,7,3,5,3,8,2,6,9,8,8,5,8,9,8,8,1,7,8,1,4,1,7,1,1,8
74:6,6,6,5,8,7,4,4,1,8,3,1,4,5,4,9,9,9,5,9,2,9,9,7,2,3,8,9,4,6
75:6,4,2,2,5,5,4,3,6,7,6,4,6,9,2,4,6,6,9,5,9,8,5,9,3,5,1,7,4,9
76:5,8,1,3,5,9,5,6,7,2,8,9,5,7,5,2,5,3,2,5,2,3,1,9,2,9,7,1,8,7
77:6,7,8,8,7,5,3,5,3,5,4,9,1,9,8,3,2,4,3,1,5,5,8,5,7,6,1,8,8,3
78:6,3,8,6,4,5,6,7,4,7,6,9,4,6,9,7,4,4,4,5,9,1,5,7,4,6,3,2,1,9
79:5,5,4,5,4,9,4,1,5,5,5,2,2,1,5,4,3,5,2,1,6,7,5,3,2,3,5,5,2,4
80:6,8,9,5,5,6,2,8,4,4,5,9,6,8,1,6,9,4,3,1,6,7,9,1,9,6,8,6,4,6
81:7,6,9,6,7,1,4,4,7,6,8,4,8,4,1,4,5,1,5,8,9,5,9,3,9,3,1,3,2,8
82:4,4,5,6,4,5,3,1,3,6,1,3,9,6,4,5,8,8,9,3,2,7,1,1,7,8,5,7,1,2
83:5,5,6,2,4,7,9,6,3,5,3,4,6,7,6,3,8,7,8,6,9,1,4,8,9,4,9,6,5,9
84:3,8,9,4,6,9,9,2,4,7,5,2,1,4,6,8,2,6,8,4,3,8,1,5,1,5,9,1,1,9
85:9,5,8,2,3,5,8,6,6,8,4,6,8,4,7,7,2,1,1,3,6,8,9,1,8,2,5,4,3,9
86:2,8,1,5,3,3,1,7,5,3,2,2,3,8,4,8,2,1,1,7,1,5,2,1,2,5,9,8,2,1
87:4,4,5,3,1,2,8,4,8,4,3,4,2,6,8,7,4,7,8,3,1,3,3,6,4,7,9,8,3,6
88:3,9,7,5,6,5,3,3,9,1,4,1,9,9,7,3,3,7,6,1,2,8,4,2,3,6,5,3,1,3
89:7,1,4,8,5,8,3,8,3,8,2,1,9,6,1,1,6,4,3,1,3,8,8,4,1,9,4,3,1,5
90:8,7,6,5,4,4,3,5,5,4,4,5,5,5,1,5,8,3,6,5,6,4,6,7,5,4,2,9,4,4
91:7,5,2,8,7,3,8,5,3,1,9,7,3,5,4,1,6,2,9,7,5,5,1,1,8,5,9,7,1,4
92:4,5,7,9,6,7,9,4,4,6,7,4,6,9,3,1,3,7,4,3,7,4,6,3,2,3,5,2,2,7
93:4,9,2,7,5,4,7,3,7,6,3,6,7,9,7,7,8,2,1,8,3,2,1,5,4,5,3,2,5,9
94:7,4,8,6,6,3,6,3,2,9,9,8,9,7,7,6,6,2,1,4,2,9,1,4,4,4,9,7,5,1
95:3,6,5,8,1,7,9,3,8,1,2,1,6,2,9,2,8,6,5,9,5,9,6,1,7,9,9,9,1,1
96:3,4,1,3,1,1,3,2,2,3,7,3,7,2,6,2,3,4,6,2,4,4,7,7,3,8,6,8,5,3
97:2,6,7,5,2,4,7,2,5,1,3,6,9,5,8,8,7,9,7,5,5,2,1,7,3,2,6,2,1,3
98:3,2,3,8,2,7,6,1,8,9,9,7,2,1,9,9,2,3,3,5,8,8,1,1,7,1,6,1,3,3
99:1,4,1,7,1,4,6,3,5,7,1,2,9,4,5,9,8,2,1,5,3,1,4,9,2,8,9,1,4,9
100:5,5,6,2,4,7,9,6,3,5,3,4,6,7,6,3,8,7,8,6,9,1,4,8,9,4,9,6,5,3
101:7,5,4,5,9,7,4,8,1,8,3,3,2,2,6,3,3,8,1,2,2,1,8,3,2,7,2,5,1,9
102:8,9,1,6,3,4,9,3,8,5,1,7,4,3,4,9,1,5,8,9,1,5,5,5,7,4,4,9,1,7
103:9,5,8,2,3,5,8,6,6,8,4,6,8,4,7,7,2,1,1,3,6,8,9,1,7,2,5,4,3,9
104:2,4,1,5,7,2,8,8,9,4,2,8,5,8,5,5,6,7,7,1,7,4,8,9,1,1,2,1,4,3
105:4,4,5,3,6,9,5,7,8,5,9,5,7,6,4,2,1,8,5,9,9,3,8,5,3,7,1,8,2,2
106:5,1,4,9,1,3,1,5,9,5,8,4,1,5,3,1,5,6,7,3,9,9,8,7,3,9,4,9,1,7
107:7,3,1,9,9,9,4,7,3,3,3,1,5,7,2,7,8,5,3,2,8,7,3,9,4,6,4,2,3,7
108:2,1,2,1,7,6,5,7,8,5,4,2,7,5,1,4,8,1,1,4,7,3,5,7,3,9,1,6,1,1
109:4,7,9,8,8,5,4,1,7,9,8,9,3,1,8,6,7,7,2,2,3,4,3,3,1,2,9,2,2,9
110:4,7,9,8,8,5,4,1,7,9,8,7,3,1,8,6,7,7,2,2,3,4,3,3,1,2,9,2,2,7
111:2,2,4,5,1,2,3,6,7,9,3,6,1,4,8,8,1,3,6,3,7,9,8,9,9,3,6,7,2,4
112:9,9,9,5,9,5,6,3,5,4,9,4,3,4,3,4,4,3,6,3,2,9,4,3,3,5,1,8,2,6
113:3,6,7,8,1,8,3,2,2,1,1,9,9,7,1,7,7,5,9,2,7,3,5,1,6,6,8,4,8,8
114:6,7,7,7,3,3,9,1,1,2,6,6,1,5,5,2,9,1,8,4,4,2,1,8,3,1,2,1,5,8
115:6,3,1,7,7,2,8,8,7,9,5,3,3,3,2,2,4,4,2,8,6,1,8,7,7,6,6,7,1,7
116:1,7,2,5,9,2,3,3,1,7,9,2,2,6,7,1,8,4,9,7,1,9,8,8,3,5,6,1,7,5
117:7,5,1,2,9,2,8,3,8,8,9,9,7,3,8,7,8,7,2,7,6,1,7,9,1,9,7,6,3,8
118:6,7,7,7,3,3,9,1,1,2,6,6,1,5,9,2,9,1,8,4,4,2,1,8,3,1,2,1,5,8
119:3,5,1,7,9,7,7,7,6,2,9,3,5,2,2,9,4,2,5,2,5,1,6,3,8,5,7,3,3,3
120:8,6,6,3,2,4,6,3,6,6,3,8,1,3,3,2,3,2,3,6,9,4,1,8,1,2,1,6,9,9
121:5,5,4,5,4,9,4,1,5,5,5,2,2,1,5,4,3,6,2,1,6,7,5,3,2,3,5,5,2,1
122:2,8,3,7,6,2,5,6,5,3,3,7,1,4,7,5,3,9,6,6,2,5,3,4,4,5,3,2,2,4
123:7,9,3,8,7,1,4,8,1,5,7,2,8,8,9,3,8,6,4,4,7,2,9,9,9,6,3,9,3,1
124:7,5,3,6,4,7,7,9,1,2,7,3,8,7,3,1,5,5,2,8,5,3,5,8,1,4,9,9,5,4
125:8,5,7,9,5,9,5,9,2,7,3,5,6,5,4,5,6,7,3,6,1,9,3,7,4,6,8,1,9,4
126:9,4,5,8,8,1,4,8,8,5,3,1,9,6,8,6,4,6,1,9,2,6,6,8,2,7,7,6,1,8
127:9,1,4,2,6,3,5,1,4,5,8,5,7,7,1,1,3,9,1,6,7,8,8,4,8,8,6,3,3,1
128:1,6,9,9,1,7,7,4,1,3,7,6,6,8,6,8,5,7,2,4,3,8,1,3,3,2,4,4,4,2
129:7,6,9,6,7,1,4,4,7,6,8,4,8,4,1,4,5,1,5,8,9,5,9,3,9,3,1,8,2,1
130:3,5,1,3,7,8,7,1,6,3,5,9,9,4,7,5,4,3,3,4,9,4,9,9,7,2,4,6,1,6
131:8,3,8,2,5,8,6,1,8,9,8,6,8,6,8,5,2,5,4,7,3,4,5,1,5,9,1,9,7,8
132:3,8,8,8,3,2,6,4,6,8,9,4,4,2,8,4,5,1,9,2,9,2,5,9,6,7,6,1,3,7
133:5,5,5,7,8,2,4,7,7,8,6,9,9,1,2,1,2,4,2,7,8,9,3,5,9,8,3,3,8,2
134:1,7,7,9,4,9,1,8,5,9,9,4,1,7,5,6,3,5,2,6,6,2,7,9,7,5,9,3,4,1
135:2,7,5,5,4,5,2,8,7,6,2,4,8,5,7,3,5,3,4,1,1,2,1,3,2,7,4,8,2,7
136:4,8,7,5,4,8,9,4,8,9,9,8,5,5,5,9,1,8,5,9,6,1,9,9,5,2,6,4,3,7
137:9,5,8,2,3,5,8,6,6,8,4,6,8,4,7,7,2,1,1,3,6,8,9,1,7,2,5,4,3,3
138:4,7,8,8,8,5,1,5,9,3,7,5,3,2,1,4,2,4,3,3,2,9,6,4,9,8,5,2,3,2
139:3,5,6,6,6,6,8,2,1,3,1,3,8,9,5,9,2,9,5,7,2,9,3,9,1,5,6,6,5,3
140:9,4,9,1,5,3,4,8,9,5,5,4,4,7,6,9,6,5,1,3,6,6,4,7,2,3,9,3,2,2
141:1,7,1,1,4,6,8,9,7,1,5,2,4,3,5,5,2,5,9,5,4,7,4,5,6,2,7,4,4,2
142:2,3,6,7,7,4,3,3,4,3,6,5,8,6,1,1,3,1,8,4,4,8,1,5,3,2,6,1,5,2
143:9,1,9,8,8,7,5,3,2,4,2,8,3,7,4,8,1,9,8,9,1,8,6,4,6,8,8,1,3,8
144:1,1,6,1,9,3,4,9,9,6,5,5,9,3,8,4,4,3,5,7,4,7,4,3,7,7,8,3,7,5
145:4,4,5,3,6,9,5,7,8,5,9,5,7,6,4,2,1,8,5,9,9,3,8,5,3,7,1,8,2,4
146:3,4,1,9,8,2,7,7,6,8,9,5,2,9,4,9,5,4,6,6,5,5,1,2,8,3,9,5,3,1
147:7,3,1,9,9,7,3,3,2,6,1,7,1,8,8,6,5,2,1,5,8,4,7,2,2,8,9,8,5,5
148:6,7,3,5,6,8,8,7,4,7,1,5,1,1,5,2,8,8,2,6,4,3,4,3,7,1,6,9,9,8
149:7,6,1,6,8,6,5,5,1,9,6,7,7,4,3,5,6,3,2,6,5,2,3,4,4,4,2,3,1,8
150:2,8,9,9,3,9,9,6,1,5,9,5,1,7,2,2,5,4,2,5,9,6,9,2,9,4,1,5,6,6
151:4,3,1,9,4,6,7,6,4,8,7,5,8,5,8,4,3,6,2,7,9,4,5,5,8,5,5,3,3,1
152:6,3,7,6,7,9,6,3,2,2,6,3,3,1,9,3,8,4,7,7,6,2,1,9,5,7,8,4,3,1
153:4,4,5,3,6,9,5,7,8,5,9,5,7,6,4,2,5,8,5,9,9,3,8,5,3,7,1,8,2,2
154:3,6,7,8,1,8,3,2,2,1,1,9,9,7,1,7,7,5,9,2,7,3,5,1,6,6,8,4,8,6
155:6,7,4,4,3,8,7,7,5,2,9,5,8,1,7,3,5,3,2,8,3,2,8,3,5,2,9,8,9,2
156:3,5,7,4,3,4,2,1,2,2,1,7,7,9,2,3,9,5,7,9,7,9,2,9,6,9,5,3,2,1
157:6,5,9,7,9,8,3,2,2,2,8,6,8,4,7,1,5,6,9,1,5,5,2,4,8,9,9,1,5,8
158:8,7,5,6,6,5,4,3,5,2,5,7,3,5,8,7,6,4,2,3,9,3,3,4,7,3,2,9,7,7
159:4,8,7,2,1,2,1,5,8,6,1,2,5,8,7,5,5,1,4,5,5,9,1,9,1,4,8,2,1,5
160:7,4,4,4,4,9,7,2,9,6,2,5,1,5,2,5,2,8,5,9,5,3,2,4,5,5,3,8,2,8
161:9,6,7,2,9,9,7,8,7,5,7,7,2,1,8,9,4,8,2,3,4,7,8,6,9,7,6,4,7,3
162:9,7,1,5,2,4,9,2,5,9,7,8,9,3,3,6,3,6,3,1,5,6,8,5,4,7,9,1,1,8
163:5,9,5,5,6,8,9,2,6,5,7,9,6,1,6,5,6,6,8,8,4,5,2,9,4,8,7,1,5,4
164:4,2,2,9,8,7,1,6,4,3,3,9,7,8,1,9,9,7,3,4,9,6,6,5,5,4,5,7,6,6
165:5,9,4,8,3,1,4,5,3,5,3,6,4,6,1,2,5,2,5,9,3,1,5,1,4,3,9,1,6,8
166:1,9,6,4,2,3,5,8,3,6,9,7,5,3,4,1,1,5,1,8,6,1,8,6,9,8,9,9,8,3
167:3,5,1,3,7,8,7,4,6,3,5,9,9,4,7,5,4,3,3,4,9,4,9,9,7,2,4,6,1,6
168:1,7,1,7,9,7,2,5,2,1,1,7,8,8,6,5,5,5,2,8,7,1,6,2,4,2,7,8,3,6
169:5,7,2,9,6,7,5,2,1,7,2,1,7,6,1,4,1,9,5,9,6,4,8,6,2,5,7,1,2,3
170:2,6,9,6,6,6,4,2,9,3,5,8,1,5,9,2,5,6,2,7,1,3,7,5,2,7,4,3,9,4
171:8,9,1,6,3,4,9,3,8,5,1,7,4,3,4,9,1,5,8,1,1,5,5,5,7,4,4,9,1,9
172:7,9,2,5,9,6,9,6,9,7,5,4,6,6,9,8,1,3,2,2,7,3,9,2,3,2,8,1,3,2
173:7,5,2,8,7,3,8,5,3,1,9,7,3,5,4,1,6,7,9,7,5,5,1,1,8,5,9,7,1,1
174:7,1,1,6,3,3,3,8,5,5,5,7,4,2,1,4,5,5,4,3,8,9,7,7,3,8,8,7,6,1
175:4,9,4,2,7,2,2,7,6,9,1,8,9,6,6,8,3,7,9,9,4,5,7,5,7,6,4,7,7,8
176:6,8,5,3,6,5,8,1,5,6,3,7,9,3,6,7,1,2,7,2,9,8,2,2,9,4,2,4,2,9
177:8,8,8,1,6,1,5,3,7,9,8,4,7,6,5,2,7,9,3,4,8,7,7,4,6,4,7,9,5,9
178:2,8,4,6,7,9,3,6,1,4,9,2,1,6,8,4,9,3,2,2,7,1,1,1,3,2,6,8,8,9
179:8,8,3,9,8,8,5,4,1,3,5,9,6,3,2,2,4,4,8,1,2,9,2,1,5,4,9,1,5,2
180:8,1,2,5,5,6,6,4,9,8,5,8,9,9,8,9,5,3,2,9,9,6,7,6,3,6,1,5,1,6
181:3,7,5,4,1,7,9,6,3,6,1,1,6,4,9,5,4,4,6,3,9,8,5,7,6,4,4,3,2,2
182:2,7,2,7,8,7,4,7,8,8,4,9,9,1,6,4,4,9,2,5,6,5,9,1,6,5,1,8,1,8
183:7,4,9,8,6,7,4,1,2,9,4,4,7,9,4,7,2,1,1,5,5,1,7,8,4,5,5,9,5,1
184:4,2,5,3,4,3,6,7,2,1,3,4,5,8,3,6,7,3,7,9,6,2,3,2,7,5,7,9,6,4
185:3,7,3,9,1,1,5,1,5,6,6,9,9,4,5,2,5,2,9,1,9,7,5,2,5,8,4,7,8,6
186:5,4,6,7,4,3,9,3,5,6,6,4,1,3,2,7,2,7,4,8,1,6,9,9,5,5,7,6,5,5
187:7,4,8,6,6,3,6,3,2,9,9,8,9,7,7,6,6,2,1,4,2,9,1,4,4,4,9,7,5,3
188:5,8,6,5,7,1,3,3,6,4,9,9,4,5,8,4,9,4,7,5,3,5,6,9,4,9,6,1,2,6
189:4,8,7,2,1,2,1,5,8,6,1,2,5,8,7,5,5,1,4,5,5,9,1,9,1,4,9,2,1,9
190:8,2,7,3,8,3,1,1,1,6,2,5,6,8,7,2,8,3,8,5,4,1,1,5,3,1,4,5,3,3
191:7,4,5,2,9,4,5,9,4,8,1,2,3,5,9,8,4,9,5,8,3,5,2,9,2,1,8,2,4,7
192:1,7,8,9,5,5,1,9,8,9,3,7,7,9,7,5,9,9,8,1,8,6,3,3,1,1,3,2,1,3
193:2,5,5,1,3,5,1,8,5,1,2,1,4,1,4,7,1,3,3,2,1,3,8,9,9,9,1,4,4,1
194:2,3,4,1,6,9,6,4,4,4,2,7,9,6,4,9,1,9,6,7,4,6,5,6,4,8,9,7,6,1
195:6,7,7,5,6,6,3,7,1,8,8,8,3,5,4,2,2,5,3,2,3,8,5,3,8,3,1,9,2,6
196:6,1,9,3,9,9,7,6,1,7,9,4,8,2,4,7,4,2,7,4,1,3,7,8,2,7,6,5,4,7
197:4,8,9,3,8,1,9,8,3,8,3,6,9,8,3,8,2,1,1,3,8,4,4,6,7,9,4,1,6,7
198:8,1,5,7,8,6,9,8,3,9,7,8,2,5,7,8,1,8,2,3,9,7,6,7,2,2,8,7,2,9
199:3,6,8,8,4,4,1,3,4,9,3,7,1,5,1,5,7,1,5,9,1,9,5,5,9,8,7,7,2,6
200:7,5,6,6,5,1,8,1,2,7,7,8,9,5,1,1,8,2,4,3,9,1,9,9,1,2,3,7,9,2
201:7,5,2,8,7,3,8,5,3,1,9,7,3,5,4,1,6,7,9,7,5,5,1,1,8,5,9,7,1,4
202:5,1,8,5,6,1,5,2,5,7,6,4,2,7,8,6,3,5,9,9,2,9,2,5,6,6,6,9,6,7
203:2,1,8,3,4,2,7,2,3,2,1,9,9,5,9,6,7,3,6,7,3,9,2,4,1,4,3,3,5,3
204:8,1,2,5,5,6,6,4,9,8,5,8,9,9,8,9,5,3,2,9,9,6,7,6,3,6,1,5,1,9
205:3,5,7,4,3,4,2,1,2,2,1,7,7,9,2,3,9,5,7,9,7,9,2,9,6,9,5,3,2,2
206:1,6,1,6,9,9,2,1,9,8,7,4,4,1,4,3,4,2,4,5,5,8,7,6,4,9,4,7,6,7
207:3,5,6,6,6,6,8,2,1,3,1,3,8,9,5,9,2,9,5,7,2,9,3,9,1,5,6,6,5,5
208:3,1,1,9,3,5,9,1,4,3,5,7,2,5,2,1,9,7,6,8,2,3,1,4,7,2,3,2,5,1
209:6,9,3,6,6,7,4,3,5,9,5,4,4,4,2,4,1,6,8,8,5,7,4,1,6,3,1,6,7,4
210:2,4,6,8,5,7,5,8,1,4,7,9,1,9,3,9,2,8,4,3,8,5,2,2,4,3,7,5,5,8
211:2,6,3,7,6,2,5,6,5,3,3,7,1,4,7,5,3,9,6,6,2,5,3,4,4,5,3,2,2,9
212:2,1,1,9,1,2,2,3,8,4,8,9,9,6,5,7,9,7,5,8,4,3,3,8,1,9,1,8,5,9
213:6,4,8,7,3,9,5,7,3,6,9,4,2,7,3,9,1,5,9,3,3,3,3,3,1,7,3,9,4,3
214:1,9,6,8,9,3,2,7,6,9,6,8,1,6,4,6,8,9,1,6,4,6,1,1,3,8,9,8,6,3
215:4,9,2,7,5,1,7,3,7,6,3,6,7,9,7,7,8,2,1,8,3,2,1,5,4,5,3,2,5,6
216:4,6,4,4,1,5,1,7,7,6,7,8,6,5,5,5,6,1,6,6,6,2,4,6,8,6,5,4,4,7
217:3,1,2,3,7,8,2,3,4,4,2,8,2,9,8,6,4,7,3,7,1,6,5,6,1,6,9,6,7,9
218:6,8,5,3,6,5,8,1,5,6,3,7,9,3,6,7,1,2,7,2,9,8,2,2,9,4,2,4,2,1
219:3,6,8,5,2,6,8,9,7,6,6,9,4,8,8,5,1,3,8,6,4,2,3,3,5,7,3,6,4,6
220:4,4,5,6,4,5,3,1,3,6,1,3,9,6,4,5,8,8,9,3,2,7,1,1,7,8,5,7,2,7
221:8,9,1,6,3,4,9,3,8,5,1,7,4,3,4,9,1,5,8,1,1,5,5,5,7,4,4,9,1,7
222:5,2,7,7,9,3,6,8,7,7,3,3,3,7,1,7,8,5,4,3,4,4,4,1,7,9,7,8,7,7
223:8,3,1,7,4,5,4,5,8,1,6,7,1,2,1,4,3,7,8,8,8,2,5,2,5,6,5,2,3,6
224:1,4,2,9,4,8,5,3,2,2,6,6,5,3,6,7,5,1,1,4,9,8,3,3,8,1,1,2,5,7
225:4,2,5,3,4,3,6,7,2,1,3,4,5,8,3,6,7,3,7,9,6,2,6,2,7,5,7,9,6,1
226:8,8,9,5,8,7,1,3,1,1,5,1,7,9,7,8,8,7,7,6,5,4,8,3,5,3,7,5,5,5
227:6,3,8,4,2,9,3,7,8,3,9,3,6,8,3,5,2,9,3,3,2,4,8,1,3,8,1,9,8,5
228:2,8,6,5,4,3,4,9,2,7,7,5,1,2,4,7,4,1,5,5,5,6,5,8,7,2,3,5,1,4
229:1,4,2,2,7,4,2,4,3,6,7,8,1,8,9,5,8,9,5,3,4,9,7,7,6,1,4,9,4,1
230:7,3,5,6,2,1,4,6,2,4,8,4,1,3,4,5,9,1,5,3,3,6,2,3,5,8,3,6,1,9
231:4,2,5,3,4,3,6,7,2,1,3,4,5,8,3,6,7,3,7,9,6,2,6,2,7,5,7,9,6,4
232:1,5,2,8,6,4,2,1,3,4,3,4,1,7,7,3,2,1,9,2,9,9,4,3,6,3,6,1,9,8
233:2,1,4,2,7,3,7,8,6,4,2,8,6,2,2,9,5,5,7,1,8,4,8,4,9,8,1,7,5,5
234:8,2,6,1,2,7,6,6,5,5,2,4,2,2,1,5,3,4,8,8,3,5,7,7,5,1,7,6,6,7
235:7,7,6,1,2,2,3,8,6,9,4,6,9,4,5,8,6,8,8,6,2,8,8,9,7,6,2,9,4,6
236:3,8,7,4,5,1,6,9,2,4,6,7,3,2,8,2,6,3,1,2,5,9,8,4,9,1,3,4,3,7
237:6,9,1,1,2,2,3,4,2,7,4,3,8,8,1,9,2,7,6,3,4,1,2,7,3,9,3,9,4,2
238:9,3,2,5,4,1,5,6,7,9,7,8,9,3,3,6,9,4,6,5,2,1,6,3,2,3,7,3,3,8
239:8,5,3,6,4,7,7,9,1,2,7,3,8,7,3,1,5,5,2,8,5,3,5,8,1,4,9,9,5,2
240:1,2,8,3,5,8,9,7,3,2,8,4,5,2,3,9,6,6,2,2,4,4,8,2,5,7,9,7,1,3
241:2,8,6,5,4,3,4,9,2,7,7,5,1,2,4,7,2,1,5,5,5,6,5,8,7,2,3,5,1,1
242:4,2,2,4,4,5,8,2,6,5,1,8,8,9,9,4,8,5,2,6,2,9,1,7,1,3,8,3,7,6
243:6,7,7,5,6,6,3,7,1,8,8,8,3,5,4,2,2,5,3,2,3,8,5,3,8,3,1,9,2,3
244:2,7,6,9,1,2,2,1,4,4,5,1,4,8,1,1,9,1,1,7,3,3,9,4,8,8,3,5,7,9
245:2,9,5,7,6,9,9,9,7,5,7,1,6,3,3,6,8,3,3,3,5,8,2,1,1,1,3,9,3,4
246:1,4,2,2,7,4,2,4,3,6,7,8,1,8,7,5,8,9,5,3,4,9,7,7,6,1,4,9,4,1
247:5,7,7,4,2,1,4,5,1,2,6,9,7,2,4,1,6,3,6,9,7,7,8,6,9,5,4,2,6,1
248:9,4,5,4,8,3,3,8,9,6,5,7,2,4,2,2,7,6,6,7,8,7,1,2,8,2,3,8,5,2
249:7,1,8,6,7,3,8,4,2,8,4,4,8,8,1,3,9,1,1,8,1,2,7,8,5,3,5,3,2,5
250:7,1,1,7,7,5,2,4,2,9,8,2,4,6,1,8,7,3,2,2,8,8,6,7,5,4,2,3,4,8
251:5,7,9,7,5,8,2,8,3,6,1,8,3,9,9,8,8,6,1,2,8,9,5,7,4,6,6,7,6,4
252:3,1,2,3,7,8,2,3,4,4,2,8,2,9,8,6,4,7,3,7,1,6,5,6,1,6,9,6,7,7
253:2,8,4,6,7,9,3,6,1,4,9,2,1,6,8,4,9,3,2,2,7,1,1,1,3,2,6,8,8,7
254:4,2,2,9,8,7,1,6,4,3,3,9,7,8,1,9,9,7,3,4,6,6,6,5,5,4,5,7,6,6
255:5,9,5,2,9,7,2,5,1,1,8,4,4,6,2,2,4,3,1,9,7,3,6,6,2,2,4,2,2,4
256:6,1,9,3,9,9,7,6,1,7,9,4,8,5,4,7,4,2,7,4,1,3,7,8,2,7,6,5,4,7
257:1,7,5,2,1,4,5,7,7,1,4,5,7,1,2,2,6,1,2,5,3,1,2,3,1,1,4,4,6,7
258:7,3,2,9,9,5,8,4,3,4,2,6,1,3,8,2,5,8,6,3,2,3,5,2,9,5,2,3,1,6
259:9,1,3,9,6,8,3,2,5,9,4,4,3,1,1,6,8,4,9,6,4,7,2,7,7,7,2,3,7,3
260:1,4,2,2,7,4,2,4,3,6,7,8,1,8,9,5,8,9,5,3,4,9,7,7,6,1,4,9,4,7
261:4,8,7,3,1,4,1,2,1,6,2,8,7,5,4,5,3,5,2,2,9,9,4,4,7,2,7,7,4,8
262:5,2,9,6,8,5,9,5,4,9,8,9,9,4,6,3,2,2,6,1,3,4,8,1,7,6,7,6,6,5
263:1,2,3,8,6,3,3,9,8,8,2,4,7,9,7,7,4,2,5,1,9,5,2,5,6,2,9,7,4,9
264:5,9,4,8,3,1,4,5,3,5,3,6,4,6,1,2,5,2,5,9,3,1,5,1,4,3,9,1,6,6
265:9,8,8,2,9,3,5,1,7,2,9,9,1,5,2,5,4,4,7,2,2,1,4,3,2,8,7,4,6,6
266:5,7,9,7,5,8,2,8,3,6,1,8,3,9,9,8,8,6,1,2,8,9,5,7,4,6,6,7,6,1
267:8,6,7,9,7,6,8,1,3,7,5,4,7,6,5,8,7,4,8,1,9,2,3,1,2,2,9,5,9,6
268:1,5,3,4,9,8,4,9,9,9,7,9,3,6,8,9,1,1,7,5,1,8,9,5,8,3,4,6,9,5
269:8,5,7,9,5,9,5,9,2,7,3,5,6,5,4,4,6,7,3,6,1,9,3,7,4,6,8,1,9,4
270:2,7,7,3,7,1,5,4,6,2,2,7,7,3,3,9,2,5,5,3,6,5,4,6,8,5,2,9,6,5
271:7,5,2,9,7,8,1,4,4,7,7,5,6,3,6,9,2,9,8,8,7,7,8,6,2,7,7,3,1,7
272:2,8,5,6,7,9,3,6,1,4,9,2,1,6,8,4,9,3,2,2,7,1,1,1,3,2,6,8,8,7
273:1,7,2,5,9,2,3,3,1,7,9,2,2,6,7,1,8,4,9,7,1,9,8,8,3,5,6,1,7,4
274:4,4,7,4,3,3,9,4,1,7,1,2,7,7,5,5,6,4,4,4,9,6,4,3,4,1,6,5,7,3
275:9,8,8,2,9,3,5,1,7,2,9,9,1,5,2,5,4,4,7,2,2,1,4,3,2,8,7,4,6,1
276:2,1,1,5,7,2,8,8,9,4,2,8,5,8,5,5,6,7,7,1,7,4,8,9,1,1,2,1,4,3
277:2,2,4,5,1,2,3,6,7,9,3,6,1,4,8,8,1,3,6,3,7,9,8,9,9,3,6,7,2,8
278:7,1,1,6,3,3,3,8,5,5,5,7,4,2,1,4,5,5,4,3,8,9,7,7,3,8,8,7,6,5
279:9,1,2,6,9,2,7,2,4,6,6,8,9,5,9,7,2,2,1,1,2,8,7,9,2,2,5,1,7,1
280:2,3,5,3,4,5,7,8,8,6,7,3,8,4,6,6,8,1,6,3,8,5,9,6,8,6,5,6,1,7
281:9,6,7,1,9,9,7,8,7,5,7,7,2,1,8,9,4,8,2,3,4,7,8,6,9,7,6,4,7,3
282:5,2,1,6,3,8,4,2,4,2,9,4,8,7,2,2,2,5,3,3,6,5,3,2,9,5,1,5,9,4
283:3,6,4,7,7,4,7,2,4,6,2,6,2,9,2,2,3,8,6,5,9,8,5,3,6,6,1,6,6,5
284:5,6,8,7,8,6,4,1,1,8,4,4,5,5,9,8,2,7,5,2,5,3,2,9,6,9,4,8,7,4
285:5,4,6,8,6,3,8,8,2,3,9,9,8,1,3,9,3,8,1,2,5,8,6,3,7,8,8,4,3,7
286:7,5,6,2,7,3,3,9,2,3,2,5,7,2,5,3,9,9,5,2,6,7,9,3,1,3,9,1,8,7
287:4,3,1,9,4,6,7,6,4,8,7,5,8,5,8,4,3,6,2,7,9,4,5,5,8,5,5,3,3,1
288:3,2,3,8,8,5,6,6,7,4,6,5,7,8,2,5,3,8,6,7,2,8,4,1,3,7,9,5,6,1
289:5,8,2,7,2,4,7,9,2,5,8,2,4,2,2,7,5,7,5,9,4,9,2,7,3,7,9,5,7,9
290:4,8,9,2,8,2,7,2,9,7,9,2,7,8,1,3,9,5,7,9,8,2,7,1,2,4,3,4,7,3
291:2,8,6,5,4,3,4,9,2,7,7,5,1,2,4,7,4,1,5,5,5,6,5,8,7,2,3,5,1,1
292:8,8,9,3,5,6,7,6,7,2,4,6,4,2,8,9,9,4,9,9,5,1,8,7,2,1,5,4,2,5
293:4,5,9,6,4,7,4,4,6,9,2,5,5,8,5,1,7,3,3,5,5,8,3,2,4,3,2,5,7,1
294:3,9,9,2,2,8,7,5,3,1,7,1,8,2,8,2,1,6,6,8,3,5,1,4,5,7,5,3,4,8
295:9,4,5,8,8,1,1,8,8,5,3,1,9,6,8,6,4,6,1,9,2,6,6,8,2,7,7,6,1,5
296:6,4,3,6,2,8,1,6,8,7,2,3,7,8,2,4,5,2,7,7,8,7,4,5,7,9,1,7,8,1
297:6,8,6,2,8,5,7,2,5,7,1,8,8,5,4,3,6,1,1,7,2,5,7,5,3,7,5,3,1,9
298:5,7,1,4,2,1,4,5,1,2,6,9,7,2,4,1,6,3,6,9,7,7,8,6,9,5,4,2,6,1
299:7,1,1,4,4,3,8,4,7,8,8,3,1,2,4,1,9,3,3,9,1,8,3,6,4,7,8,3,6,5
300:1,9,6,6,9,9,7,6,3,4,6,2,6,8,9,1,9,1,7,7,1,5,1,2,1,6,7,1,5,2
301:1,4,1,7,1,4,6,3,5,7,1,2,9,4,5,9,8,2,1,5,3,1,4,9,2,4,9,1,4,6
302:5,8,6,5,7,1,3,3,6,4,9,9,4,5,8,4,9,4,7,5,3,5,6,9,4,9,6,1,2,1
303:9,1,9,4,8,8,4,3,3,6,7,6,6,3,2,1,2,4,6,5,1,7,2,4,9,4,7,7,6,4
304:6,7,7,5,6,6,3,7,1,8,8,8,3,5,4,2,2,7,3,2,3,8,5,3,8,3,1,9,2,3
305:7,6,2,3,6,9,1,6,7,7,4,8,1,7,5,6,4,1,6,2,1,6,4,7,9,6,8,7,6,2
306:8,5,3,6,4,7,7,9,1,2,7,3,8,7,3,1,5,5,2,8,5,3,5,8,1,4,9,9,5,4
307:8,4,5,8,8,3,9,2,3,4,7,4,8,3,8,1,9,3,2,9,7,1,6,7,7,2,1,3,7,7
308:1,9,5,8,3,5,3,8,5,7,5,9,7,8,9,6,3,5,2,5,7,4,1,4,5,4,1,2,2,6
309:8,1,2,3,5,6,6,4,9,8,5,8,9,9,8,9,5,3,2,9,9,6,7,6,3,6,1,5,1,9
310:1,7,2,8,9,2,3,3,1,7,9,2,2,6,7,1,8,4,9,7,1,9,8,8,3,5,6,1,7,5
311:9,5,5,7,3,8,4,5,7,1,9,8,9,3,3,7,3,4,4,1,6,4,5,8,1,4,8,3,9,4
312:6,5,4,9,8,3,5,5,1,6,7,1,6,4,7,9,6,5,5,7,5,2,9,2,2,4,2,1,8,9
313:4,8,7,5,4,8,9,4,8,9,9,8,5,5,5,9,1,8,5,9,6,1,9,9,5,2,6,4,3,2
314:1,9,7,6,3,3,7,4,6,3,3,8,1,6,8,2,9,3,8,7,6,5,5,4,3,8,5,1,5,7
315:2,5,7,7,8,7,1,4,4,1,6,7,7,5,9,6,1,3,5,2,6,4,7,2,5,9,6,5,8,1
316:3,9,7,8,6,8,1,8,6,2,9,1,4,2,2,8,6,3,2,6,1,9,7,9,4,7,4,7,6,5
317:2,6,3,6,7,6,2,6,5,3,4,9,8,2,1,5,9,4,7,5,8,6,4,5,5,2,8,6,6,3
318:7,6,1,6,8,6,5,5,1,9,6,7,7,4,3,5,6,3,2,6,5,2,3,4,4,4,2,3,1,7
319:2,8,7,5,1,2,3,3,4,4,1,9,4,7,8,7,2,1,7,1,9,4,9,9,2,5,1,2,1,1
320:4,1,9,1,1,2,6,7,7,5,1,2,3,8,2,2,9,5,5,4,9,8,1,2,2,6,4,8,4,3
321:2,8,3,7,6,2,5,6,5,3,3,7,1,4,7,5,3,9,6,6,2,5,3,4,4,5,3,2,2,9
322:1,3,2,7,4,2,8,1,6,1,4,5,9,3,8,5,8,9,6,8,7,8,9,5,2,7,5,8,3,9
323:4,3,8,4,6,7,5,9,5,3,1,8,4,3,1,5,6,4,3,9,6,6,6,5,6,3,4,4,4,1
324:8,9,3,9,2,3,6,2,4,2,5,9,4,8,2,6,5,9,5,5,1,8,2,4,1,8,9,2,9,4
325:1,9,6,8,9,3,2,7,6,9,6,8,1,6,4,6,8,9,1,5,4,6,1,1,3,8,9,8,6,8
326:9,8,8,2,9,3,5,1,7,2,9,9,1,5,2,3,4,4,7,2,2,1,4,3,2,8,7,4,6,1
327:8,6,7,9,7,6,8,1,6,7,5,4,7,6,5,8,7,4,8,1,9,2,3,1,2,2,9,5,9,8
328:3,8,7,4,5,1,6,9,2,4,6,7,3,2,8,2,6,3,1,2,5,9,8,4,9,1,3,7,3,7
329:1,5,2,8,6,4,2,1,3,4,3,4,1,7,7,3,2,1,9,2,9,9,4,3,6,3,6,1,9,1
330:9,4,7,1,4,3,9,9,1,7,6,8,6,3,1,7,9,4,4,2,8,4,3,9,7,9,2,1,2,8
331:4,2,2,9,8,7,1,6,4,3,3,9,7,8,1,9,9,7,3,4,9,6,6,5,5,4,5,7,6,4
332:6,1,9,8,8,7,5,3,2,4,2,8,3,7,4,8,1,9,8,9,1,8,6,4,6,8,8,1,3,8
333:6,1,9,3,9,9,7,6,1,7,9,4,8,5,4,7,4,2,7,4,1,3,7,8,2,7,6,5,4,5
334:4,1,3,6,1,1,9,8,9,3,1,4,5,4,9,3,3,9,9,8,5,8,8,4,6,1,7,8,2,7
335:7,1,8,6,7,3,8,4,2,8,4,4,8,8,1,3,9,1,1,8,1,2,7,8,5,3,5,3,2,5
336:1,5,2,7,6,4,2,1,3,4,3,4,1,7,7,3,2,1,9,2,9,9,4,3,6,3,6,1,9,8
337:2,6,3,6,7,6,2,6,5,3,4,9,8,2,1,5,9,4,7,5,8,6,4,5,5,2,8,6,6,5
338:4,8,7,2,1,2,1,5,8,6,1,2,5,8,7,5,5,1,4,5,5,9,1,9,1,4,9,2,1,5
339:6,7,7,7,3,3,9,1,1,2,6,6,1,5,9,2,9,1,8,4,4,2,1,8,3,1,2,1,5,1
340:5,2,9,6,8,5,9,5,4,9,8,9,9,4,6,3,2,2,6,1,3,4,8,1,7,6,7,6,6,5
341:9,4,1,6,9,5,8,1,2,2,7,4,9,8,5,9,9,8,4,5,7,9,1,4,7,8,6,6,5,7
342:3,8,8,8,3,2,6,4,6,8,9,5,4,2,8,4,5,1,9,2,9,2,5,9,6,7,6,1,3,5
343:6,5,5,9,9,6,8,6,2,1,9,4,1,3,9,2,2,9,9,9,1,4,6,2,7,2,1,2,6,6
344:9,5,5,7,3,8,4,5,7,1,9,8,9,3,3,7,3,4,4,1,6,4,5,4,1,4,8,3,9,1
345:8,8,3,9,8,8,5,4,1,3,5,9,6,3,2,2,4,4,8,1,2,9,2,1,5,4,9,1,5,3
346:2,6,3,1,1,1,3,5,8,8,7,7,2,8,2,9,6,8,7,3,4,7,2,1,1,7,2,7,8,1
347:8,1,5,7,8,6,9,8,3,9,7,8,8,5,7,8,1,8,2,3,9,7,6,7,2,2,8,7,2,3
348:1,8,8,7,5,9,9,5,4,7,4,8,5,8,3,5,5,1,1,3,2,7,7,7,1,4,3,3,6,6
349:7,9,7,4,5,4,3,7,6,2,6,7,1,9,1,4,5,1,9,5,4,7,5,9,4,6,2,5,8,3
350:5,9,5,2,9,7,2,5,1,1,8,4,4,6,2,2,4,3,1,9,7,3,6,6,7,2,4,2,2,4
351:9,7,1,5,2,4,9,2,5,9,7,8,9,3,3,6,3,6,3,1,5,6,8,5,4,5,9,1,1,1
352:2,7,5,5,4,5,2,8,7,6,2,4,8,5,7,3,5,3,4,1,1,2,1,3,2,7,4,6,2,3
353:5,1,7,8,6,8,4,1,9,2,6,4,2,5,8,1,5,3,3,7,1,5,7,6,9,8,6,8,8,2
354:3,8,8,8,3,2,6,4,6,8,9,4,4,2,8,4,5,1,9,2,9,2,5,9,6,7,6,1,3,5
355:7,4,2,2,8,9,4,5,9,6,4,7,3,3,4,2,9,2,7,2,4,6,9,3,6,3,5,5,8,4
356:1,9,4,8,5,4,2,3,4,7,6,4,2,4,8,9,8,5,9,8,4,4,1,8,3,5,3,1,8,7
357:7,6,7,1,8,7,1,6,6,3,6,5,8,3,9,7,3,4,5,1,6,2,4,9,4,2,7,5,5,8
358:1,9,6,4,2,3,5,8,3,6,9,7,5,3,4,9,1,5,1,8,6,1,8,6,9,8,9,9,8,6
359:5,4,6,7,4,3,9,3,5,6,6,4,1,3,2,7,2,7,4,8,1,6,9,9,5,7,7,6,5,9
360:9,4,5,4,8,3,3,8,9,6,5,7,2,4,2,2,7,6,6,7,8,7,1,2,8,2,3,8,5,8
361:5,4,4,6,4,2,4,5,8,1,1,4,2,8,7,7,1,8,1,2,7,9,8,7,3,3,8,5,6,3
362:9,9,5,7,7,1,3,8,2,9,3,1,4,7,5,3,8,5,3,9,6,2,9,2,9,7,9,4,4,3
363:2,4,6,9,3,8,5,5,9,6,1,8,6,4,1,5,6,4,1,8,1,2,4,3,8,5,7,4,7,2
364:7,1,1,7,7,5,2,4,2,9,8,2,4,6,1,8,7,3,2,2,8,8,6,7,5,4,2,3,4,8
365:4,3,1,9,4,6,7,6,4,8,7,5,8,5,8,4,3,6,2,7,9,4,5,5,8,5,5,3,3,1
366:1,9,6,8,9,3,2,7,6,9,6,8,1,6,4,6,8,9,1,6,4,6,1,1,3,8,9,8,6,8
367:5,2,1,6,3,8,4,2,4,2,9,4,8,7,2,2,2,5,3,3,6,5,3,2,9,5,1,5,9,8
368:9,3,2,5,4,1,5,6,7,9,7,8,9,3,3,6,9,4,6,5,2,1,6,3,2,3,7,3,3,4
369:7,3,2,9,9,5,8,4,3,4,2,6,1,3,8,2,5,8,6,3,2,3,5,2,9,5,2,3,1,7
370:3,7,9,7,9,2,6,7,5,7,8,2,9,8,3,2,3,2,9,5,8,3,7,1,2,5,7,5,9,9
371:2,7,8,3,4,4,2,4,6,2,9,8,6,7,8,1,7,1,3,8,3,5,5,5,5,8,3,2,6,3
372:4,5,9,6,4,7,4,4,6,9,2,5,5,8,5,1,3,3,3,5,5,8,3,2,4,3,2,5,7,9
373:8,8,9,5,8,7,1,3,1,1,5,1,7,9,7,8,8,7,7,6,5,4,8,3,5,3,7,5,5,3
374:6,8,6,2,8,5,7,2,5,7,1,8,8,5,4,3,6,1,1,7,2,5,7,5,3,7,1,3,1,8
375:4,7,3,1,1,6,7,2,2,7,8,3,2,8,3,3,9,1,6,9,4,7,2,9,8,7,7,2,4,2
376:8,8,3,9,8,8,5,4,1,3,5,9,6,3,2,2,4,4,8,1,2,9,2,1,5,4,9,1,5,3
377:1,8,1,7,4,2,9,6,4,7,7,5,8,8,7,1,6,5,3,2,5,7,4,8,4,8,1,4,3,5
378:7,1,3,5,5,5,9,3,5,5,9,8,1,3,8,8,7,9,8,6,4,8,4,4,8,4,4,1,6,3
379:2,2,4,5,2,2,3,6,7,9,3,6,1,4,8,8,1,3,6,3,7,9,8,9,9,3,6,7,2,4
380:5,4,6,7,4,3,9,3,5,6,6,4,1,3,2,7,2,7,4,8,1,6,9,9,5,5,7,6,5,9
381:6,5,1,5,5,9,5,8,5,1,1,4,3,9,8,4,7,6,6,8,5,4,4,2,1,5,6,4,6,6
382:5,8,3,9,4,8,9,4,4,1,3,2,9,5,8,9,8,4,9,4,6,7,6,2,5,4,6,8,9,3
383:7,1,5,5,2,6,3,1,6,4,1,3,9,6,8,9,7,2,4,9,5,4,2,6,8,3,9,9,7,1
384:8,1,3,9,8,4,3,4,4,9,8,6,5,8,3,7,2,6,9,9,7,5,9,4,5,1,4,4,7,3
385:9,4,5,8,8,1,4,8,8,5,3,1,9,6,8,6,4,6,1,9,2,6,6,8,2,7,7,6,1,5
386:3,2,2,7,4,1,2,2,9,1,6,3,5,7,2,6,9,5,5,8,9,7,4,1,3,8,4,5,5,4
387:8,9,2,3,5,4,3,1,9,9,5,4,1,4,7,3,4,1,5,4,3,4,1,1,6,5,1,7,2,8
388:2,3,5,4,2,6,5,6,2,4,5,3,8,8,3,7,3,8,3,6,6,8,6,6,7,2,1,3,9,9
389:4,4,7,4,3,3,9,4,1,7,1,2,7,7,5,5,6,4,4,4,9,6,7,3,4,1,6,5,7,1
390:9,3,6,3,9,9,4,7,9,3,3,9,4,8,8,5,1,7,5,5,6,7,8,7,6,8,5,4,6,8
391:9,3,2,5,4,1,5,6,7,9,1,8,9,3,3,6,9,4,6,5,2,1,6,3,2,3,7,3,3,4
392:2,5,6,2,4,7,9,6,3,5,3,4,6,7,6,3,8,7,8,6,9,1,4,8,9,4,9,6,5,3
393:3,6,7,8,1,8,3,2,2,1,1,9,9,7,1,7,7,5,9,2,7,3,5,1,6,6,8,4,8,6
394:4,2,5,8,8,2,2,1,5,6,2,2,2,3,9,2,3,9,2,2,8,6,3,3,8,6,2,9,3,5
395:8,8,9,5,8,7,1,3,1,1,5,1,7,9,7,2,8,7,7,6,5,4,8,3,5,3,7,5,5,5
396:3,4,2,4,2,2,1,5,1,3,9,4,5,7,2,4,2,5,5,4,1,2,2,7,2,8,6,5,7,9
397:7,6,1,6,8,6,5,5,1,9,6,7,7,4,3,5,6,3,2,6,5,2,3,4,4,4,2,8,1,8
398:2,3,6,5,6,1,6,7,7,3,9,6,5,2,4,6,5,2,8,7,3,7,9,7,8,9,9,7,6,4
399:2,8,8,1,9,2,1,7,7,1,6,3,3,1,9,8,5,1,5,7,9,8,6,3,4,9,4,5,4,1
400:5,3,1,2,8,5,5,4,7,1,1,4,9,7,2,1,1,2,3,7,2,5,3,8,4,5,1,5,2,1
401:4,8,6,2,9,6,6,7,7,4,7,1,9,8,9,6,7,2,3,3,8,2,9,1,1,7,2,6,1,3
402:8,9,6,4,4,3,7,1,3,3,5,2,2,8,4,7,5,6,6,7,9,1,6,4,1,9,1,6,3,8
403:7,7,9,9,7,7,1,4,4,8,3,7,6,5,1,5,7,3,6,9,5,5,2,9,9,9,6,5,4,9
404:8,6,7,9,7,6,8,1,3,7,5,4,7,6,5,8,7,4,8,1,9,2,3,1,2,2,9,5,9,8
405:6,7,8,2,5,4,6,1,8,1,4,5,4,8,1,5,5,4,3,5,1,4,5,2,2,9,1,6,5,6
406:1,4,1,7,1,4,6,3,5,7,1,2,9,4,5,9,8,2,1,5,3,1,4,9,2,4,9,1,4,9
407:2,7,8,3,4,4,2,4,6,2,9,8,6,7,8,1,3,1,3,8,3,5,5,5,5,8,3,2,6,3
408:5,5,5,7,8,2,4,7,7,8,6,9,9,1,2,1,2,4,2,7,8,9,3,5,9,8,3,3,8,2
409:9,9,3,8,6,4,1,4,7,1,8,7,8,5,9,7,4,7,9,4,6,9,5,1,2,3,3,2,9,5
410:5,2,1,6,3,8,4,2,4,2,9,4,8,7,2,2,4,5,3,3,6,5,3,2,9,5,1,5,9,4
411:5,4,4,8,7,3,1,4,5,2,3,7,8,4,6,2,8,8,7,1,1,5,3,8,8,6,4,4,4,2
412:5,8,6,5,7,1,1,3,6,4,9,9,4,5,8,4,9,4,7,5,3,5,6,9,4,9,6,1,2,1
413:1,9,5,3,3,1,9,9,1,5,8,8,3,8,4,9,9,8,7,6,5,4,3,7,7,2,4,2,5,9
414:6,7,8,2,5,4,6,1,8,1,4,5,4,8,1,5,5,4,3,5,1,4,5,2,2,9,1,6,4,6
415:3,3,2,8,3,4,7,1,1,6,8,4,5,3,2,2,1,2,3,1,2,8,6,5,6,8,8,5,5,8
416:3,3,3,4,5,8,8,8,3,5,9,9,7,9,6,6,1,2,9,3,3,3,2,5,7,2,1,3,4,9
417:7,5,6,9,8,4,2,7,3,6,9,6,1,4,9,1,9,7,8,9,2,8,8,5,2,8,9,6,7,7
418:7,4,8,6,4,3,6,3,2,9,9,8,9,7,7,6,6,2,1,4,2,9,1,4,4,4,9,7,5,3
419:5,6,7,8,4,2,7,7,1,2,5,4,3,1,4,4,3,5,1,3,5,2,4,4,4,6,2,6,2,6
420:8,9,2,3,5,4,4,1,9,9,5,4,1,4,7,3,4,1,5,4,3,4,1,1,6,5,1,7,2,1
421:6,8,5,3,6,3,8,1,5,6,3,7,9,3,6,7,1,2,7,2,9,8,2,2,9,4,2,4,2,9
422:8,7,5,4,8,3,3,3,2,8,3,2,1,9,8,3,1,7,1,5,4,3,5,8,7,7,7,3,5,8
423:4,8,7,5,4,8,9,4,8,9,9,8,5,5,5,9,1,8,5,7,6,1,9,9,5,2,6,4,3,7
424:4,9,2,5,5,3,3,5,3,7,5,6,8,2,5,3,7,9,7,3,9,1,4,9,3,4,9,4,6,1
425:1,6,8,3,4,1,6,9,5,5,9,3,7,5,8,4,1,9,4,6,7,4,8,9,4,3,4,5,7,1
426:9,1,9,8,8,7,5,3,2,4,2,8,3,7,4,8,1,9,8,9,1,8,6,4,6,8,8,1,3,8
427:4,2,5,8,8,2,2,1,5,6,2,2,2,3,9,2,3,9,2,2,8,6,6,3,8,6,2,9,3,7
428:9,9,6,7,5,1,8,6,1,1,1,1,4,1,1,6,2,1,6,5,3,8,6,6,7,4,8,1,3,9
429:9,5,1,3,4,5,8,1,2,6,5,9,1,2,8,1,9,6,4,7,1,7,8,9,8,1,4,6,3,4
430:2,3,4,1,6,9,6,4,4,4,2,7,9,6,4,9,1,9,6,7,4,6,5,6,4,8,9,7,6,9
431:7,1,8,6,7,3,8,4,2,8,4,4,8,8,1,3,9,1,1,8,1,2,7,8,5,3,5,3,8,5
432:2,8,4,1,7,8,6,5,1,9,8,6,8,4,1,4,4,1,1,4,8,2,8,7,3,2,1,9,9,3
433:7,5,6,6,5,1,8,1,2,7,7,8,9,5,1,1,8,2,4,3,9,1,9,9,1,2,3,7,9,1
434:1,4,1,2,8,6,7,9,9,2,4,8,5,9,4,5,8,5,7,9,8,9,7,5,1,7,3,9,8,3
435:8,1,5,7,8,6,9,8,3,9,7,8,2,5,7,8,1,8,2,3,9,7,6,7,2,2,8,7,2,3
436:7,8,8,4,4,2,6,8,2,4,3,2,6,7,5,5,7,1,5,2,3,6,6,5,5,3,6,1,9,1
437:1,9,6,4,2,3,5,8,3,6,9,7,5,3,4,1,1,5,1,8,6,1,8,6,9,8,9,9,8,6
438:5,2,2,6,3,8,2,1,3,8,6,2,1,6,3,5,8,1,6,4,7,5,8,2,9,6,8,9,7,9
439:3,1,4,2,7,3,7,8,6,4,2,8,6,2,2,9,5,5,7,1,8,4,8,4,9,8,1,7,5,5
440:4,7,3,1,1,6,7,2,2,7,8,3,2,8,3,3,9,1,6,9,4,7,2,9,8,7,7,2,4,2
441:3,2,1,8,9,8,9,5,1,8,7,2,2,1,8,6,4,3,8,3,9,9,2,5,7,5,9,3,7,5
442:3,8,7,4,5,1,6,9,2,4,6,7,3,2,8,2,6,3,1,2,5,9,8,4,9,1,3,7,3,9
443:9,3,2,2,2,7,1,6,1,3,6,3,1,2,8,3,3,9,2,8,2,6,8,8,1,8,8,7,5,3
444:2,4,1,5,7,2,8,8,9,4,2,8,5,8,5,5,6,7,7,1,7,4,8,9,1,1,2,1,4,7
445:5,5,6,6,2,2,1,3,8,2,3,1,5,5,8,5,9,3,9,1,2,8,1,1,9,1,2,9,2,2
446:7,1,1,7,7,5,2,4,2,9,8,2,4,6,1,8,7,3,2,2,8,8,6,7,5,4,2,3,4,7
447:6,7,8,2,5,4,6,1,8,1,4,5,4,8,1,5,5,4,3,5,1,4,5,2,2,9,1,6,5,2
448:1,3,2,7,1,9,6,1,8,7,3,4,5,8,1,6,2,3,7,5,1,4,5,8,3,9,5,1,2,8
449:3,7,3,9,1,1,5,1,5,6,6,9,9,4,5,2,5,2,9,1,5,7,5,2,5,8,4,7,8,3
450:6,8,6,2,8,5,7,2,5,7,1,8,8,5,4,3,6,1,1,7,2,5,7,5,3,7,5,3,1,8
451:6,3,2,4,2,9,3,7,8,3,9,3,6,8,3,5,2,9,3,3,2,4,8,1,3,8,1,9,8,5
452:7,5,6,2,7,3,3,6,2,3,2,5,7,2,5,3,9,9,5,2,6,7,9,3,1,3,9,1,8,7
453:4,7,9,8,8,5,4,1,7,9,8,9,3,1,8,6,7,7,2,2,3,4,3,3,1,2,9,2,2,7
454:7,4,9,8,4,8,9,3,7,6,7,3,8,2,1,7,9,1,8,9,5,6,1,2,7,9,1,3,3,6
455:3,2,3,8,8,5,6,6,7,4,6,5,7,8,2,5,3,8,6,7,2,8,4,1,3,7,9,7,6,1
456:7,9,8,4,1,7,9,7,2,7,3,5,8,8,7,6,9,3,8,8,2,8,7,5,5,7,2,3,4,4
457:8,2,3,7,3,5,7,5,5,2,4,2,1,2,7,4,1,3,2,4,4,7,1,8,7,1,5,3,1,4
458:7,5,2,9,7,8,1,7,4,7,7,5,6,3,6,9,2,9,8,8,7,7,8,6,2,7,7,3,1,6
459:9,5,5,7,3,8,4,5,7,1,9,8,9,3,3,7,3,4,4,1,6,4,5,8,1,4,8,3,9,1
460:8,8,4,5,8,5,4,4,2,2,6,6,5,9,2,4,2,2,3,7,2,6,9,4,4,2,2,4,2,2
461:4,4,5,6,4,5,3,1,3,6,1,3,9,6,4,5,8,8,9,3,2,7,1,1,7,8,5,7,1,7
462:3,5,7,4,3,4,2,1,2,2,1,7,7,9,2,3,9,5,7,9,7,9,8,9,6,9,5,3,2,1
463:4,3,2,1,1,4,3,7,6,9,1,3,5,8,8,9,4,9,6,8,9,7,9,2,5,4,7,8,3,7
464:7,4,2,2,8,9,4,5,9,6,4,7,3,3,4,2,9,2,7,2,4,6,9,3,6,3,5,5,8,3
465:6,1,7,2,5,1,5,2,3,2,6,5,1,3,2,3,2,9,5,8,8,8,8,3,7,3,3,9,4,4
466:4,2,5,8,8,2,2,1,5,6,2,2,2,3,9,2,3,9,2,2,8,6,3,3,8,6,2,9,3,7
467:6,3,8,4,2,9,3,7,8,3,9,3,6,8,3,5,2,9,3,3,2,4,8,1,3,8,1,9,8,4
468:2,3,4,1,6,9,6,4,4,4,2,7,9,6,4,9,1,9,6,7,4,6,5,6,4,8,9,7,6,9
469:3,5,1,3,7,8,7,4,6,3,5,9,9,4,7,5,4,3,3,4,9,4,9,9,7,2,4,6,1,5
470:1,5,1,6,7,8,9,3,1,5,2,1,5,1,1,5,8,5,6,7,5,7,2,6,2,5,9,7,2,4
471:4,6,1,5,7,9,9,8,3,5,1,2,6,3,5,5,5,4,1,9,5,9,6,6,7,7,2,7,1,1
472:1,2,7,2,2,5,5,4,7,1,4,1,7,6,9,4,8,1,3,2,7,4,8,5,3,7,6,4,9,1
473:9,1,9,4,8,8,4,3,3,6,7,6,6,3,2,1,7,4,6,5,1,7,2,4,9,4,7,7,6,4
474:6,3,4,7,9,7,3,5,7,2,8,4,9,3,3,5,6,2,3,3,7,5,8,3,1,6,9,7,9,3
475:6,7,3,5,6,8,8,7,4,7,1,5,1,1,5,2,8,8,2,6,4,3,4,3,7,1,6,9,9,5
476:7,8,8,1,5,7,5,6,4,4,1,7,4,5,9,9,4,1,9,8,5,6,9,2,5,6,7,9,9,5
477:4,4,7,4,3,3,9,4,1,7,1,2,7,7,5,5,6,4,4,4,9,6,4,3,4,1,6,5,7,1
478:5,5,4,5,4,9,4,1,5,5,5,2,2,1,5,4,3,6,2,1,6,7,5,3,2,3,5,5,2,4
479:8,2,7,3,8,3,1,1,1,6,2,5,6,8,7,2,8,3,8,5,4,1,1,5,3,1,4,8,3,3
480:9,4,5,4,8,3,3,8,9,6,5,7,2,4,2,2,8,6,6,7,8,7,1,2,8,2,3,8,5,8
481:3,6,1,8,2,8,2,7,9,3,3,5,6,4,3,2,8,1,6,8,2,2,5,1,3,7,4,9,1,6
482:6,5,5,1,9,6,5,6,8,1,6,5,2,7,7,2,9,9,9,3,8,6,1,9,1,1,3,8,8,4
483:4,7,3,1,1,6,7,2,2,7,8,3,2,8,3,3,9,1,6,9,4,7,2,9,8,7,7,2,4,3
484:5,6,8,1,8,6,9,7,6,6,9,1,7,8,7,7,6,7,7,2,3,5,1,9,3,5,7,3,4,5
485:3,5,2,5,8,4,6,8,5,7,4,2,8,6,1,1,6,1,6,8,3,2,8,5,8,8,6,3,8,7
486:8,2,2,8,9,4,7,9,2,5,6,1,2,2,1,3,5,7,7,7,2,7,5,3,2,8,6,5,8,8
487:1,6,7,9,6,2,5,5,3,4,5,7,8,9,2,8,9,4,5,9,5,5,5,3,5,2,6,9,4,4
488:6,7,3,5,6,8,5,7,4,7,1,5,1,1,5,2,8,8,2,6,4,3,4,3,7,1,6,9,9,5
489:7,5,6,6,5,1,8,1,2,7,7,8,9,5,1,1,8,2,4,3,9,1,9,9,1,2,3,7,9,2
490:6,7,4,1,6,8,2,7,4,4,2,4,4,9,6,2,4,9,7,7,9,3,1,7,1,4,5,3,6,5
491:5,3,1,2,8,8,5,4,7,1,1,4,9,7,2,1,1,2,3,7,2,5,3,8,4,5,1,5,2,9
492:7,3,2,8,9,5,8,4,3,4,2,6,1,3,8,2,5,8,6,3,2,3,5,2,9,5,2,3,1,6
493:7,5,6,5,1,5,6,3,2,4,6,1,7,3,1,6,5,5,8,5,7,3,3,2,9,3,7,4,6,8
494:3,1,5,3,7,8,2,3,4,4,2,8,2,9,8,6,4,7,3,7,1,6,5,6,1,6,9,6,7,7
495:5,2,9,6,8,5,9,5,4,9,8,7,9,4,6,3,2,2,6,1,3,4,8,1,7,6,7,6,6,5
496:4,5,5,8,6,9,5,6,1,6,5,3,1,1,1,8,5,2,6,8,9,4,3,5,4,3,5,7,1,7
497:4,5,5,8,6,9,5,6,1,6,5,3,1,1,1,8,5,1,6,8,9,4,3,5,4,3,5,7,1,7
498:7,4,2,2,9,9,4,5,9,6,4,7,3,3,4,2,9,2,7,2,4,6,9,3,6,3,5,5,8,4
499:5,5,5,7,8,2,4,7,7,8,6,9,9,1,2,1,2,4,2,7,8,9,3,5,9,8,3,3,8,3
500:9,7,1,5,2,4,9,2,5,9,7,8,9,3,3,6,3,6,3,1,5,6,8,5,4,5,9,1,1,8